"id"	"school"	"date"	"profile"	"trials_completed"	"trials_attempted"	"pc"	"rt_corr"	"rt_incorr"	"pc_1"	"pc_2"	"rt_1"	"rt_2"	"propLeft"	"bias"	"N_easy"	"N_mod"	"N_diff"	"pc_easy"	"pc_mod"	"pc_diff"	"rt_easy"	"rt_mod"	"rt_diff"	"N_noun"	"N_adj"	"N_verb"	"pc_noun"	"pc_adj"	"pc_verb"	"rt_noun"	"rt_adj"	"rt_verb"	"dob"	"age"	"SES"
"491"	"others"	"2016-05-18"	"Espanol_Grupo1_preg"	41	41	0.780487804878049	1711.5	1865	0.761904761904762	0.8	1638	1767.5	0.439024390243902	0	14	14	13	0.928571428571429	0.714285714285714	0.692307692307692	1745	1835.5	1389	22	8	11	0.954545454545455	0.625	0.545454545454545	1470	1775	2204	NA	NA	"Low"
"492"	"others"	"2016-05-18"	"Espanol_Grupo2_imp"	41	40	0.875	1544	2166	0.95	0.8	1540	2104	0.5	0	14	13	13	0.928571428571429	0.923076923076923	0.769230769230769	1452	1832	2026.5	21	8	11	0.904761904761905	0.875	0.818181818181818	1410	2265	2042	NA	NA	"Mid"
"500"	"cayetano"	"2016-04-27"	"Espanol_Grupo1_preg"	41	40	0.925	2492	NA	0.9	0.95	2554	2454.5	0.5	0	13	14	13	0.846153846153846	0.928571428571429	1	2366	2492	2610	21	8	11	0.952380952380952	0.75	1	2402	2539	2642	2012-09-26	3.58384668035592	"Low"
"501"	"cayetano"	"2016-04-27"	"Espanol_Grupo1_preg"	41	39	0.358974358974359	3393.5	2746	0.25	0.473684210526316	2740	3352	0.461538461538462	0	13	13	13	0.230769230769231	0.615384615384615	0.230769230769231	NA	3464	NA	20	8	11	0.4	0.375	0.272727272727273	3074.5	3990	3352	2012-11-08	3.46611909650924	"Low"
"502"	"cayetano"	"2016-04-27"	"Espanol_Grupo1_preg"	41	41	0.658536585365854	2081	2116.5	0.761904761904762	0.55	2128	2084	0.317073170731707	1	14	14	13	0.857142857142857	0.571428571428571	0.538461538461538	2137.5	2262	1842	22	8	11	0.772727272727273	0.375	0.636363636363636	1925	2076	2579	2012-07-19	3.77275838466804	"Low"
"503"	"cayetano"	"2016-04-27"	"Espanol_Grupo1_preg"	41	41	0.780487804878049	2419.5	3226	0.761904761904762	0.8	2546	2433.5	0.341463414634146	1	14	14	13	0.928571428571429	0.785714285714286	0.615384615384615	2073	2546	2373.5	22	8	11	0.909090909090909	0.5	0.727272727272727	2319.5	2426.5	3219.5	2012-09-16	3.61122518822724	"Low"
"504"	"cayetano"	"2016-04-27"	"Espanol_Grupo1_preg"	41	35	0.657142857142857	2704	3752.5	0.777777777777778	0.529411764705882	3307.5	3291	0.285714285714286	1	14	11	10	0.714285714285714	0.545454545454545	0.7	2416	3430.5	3545	20	7	8	0.75	0.285714285714286	0.75	3070	4303.5	2545.5	2013-03-31	3.07460643394935	"Low"
"505"	"cayetano"	"2016-04-27"	"Espanol_Grupo1_preg"	41	34	0.794117647058823	2841	3444	0.764705882352941	0.823529411764706	2814	3258	0.529411764705882	0	13	11	10	0.846153846153846	0.818181818181818	0.7	3091	2071	3035	18	8	8	0.833333333333333	0.75	0.75	2442	4406.5	3069.5	2012-09-07	3.63586584531143	"Low"
"506"	"cayetano"	"2016-04-27"	"Espanol_Grupo1_preg"	41	41	0.48780487804878	2854	2761	0.476190476190476	0.5	3080	2555	0.0487804878048781	1	14	14	13	0.5	0.5	0.461538461538462	2820	3226	2930.5	22	8	11	0.5	0.25	0.636363636363636	2888	3234	2531	2013-03-26	3.08829568788501	"Low"
"507"	"cayetano"	"2016-05-02"	"Espanol_Grupo2_preg"	41	41	0.878048780487805	1891.5	2014	0.904761904761905	0.85	1891	1941.5	0.51219512195122	0	14	14	13	0.928571428571429	0.785714285714286	0.923076923076923	1891	1890	1927	22	8	11	0.954545454545455	0.5	1	1891	2198.5	1810	NA	NA	"Low"
"508"	"pestalozzi"	"2016-05-12"	"Espanol_Grupo2_imp"	41	36	0.916666666666667	2757	NA	0.944444444444444	0.888888888888889	2458	2760.5	0.444444444444444	0	13	13	10	0.769230769230769	1	1	2246.5	2757	3324	19	8	9	1	0.75	0.888888888888889	2349	3216.5	2864.5	2013-01-02	3.35660506502396	"Mid"
"509"	"pestalozzi"	"2016-05-12"	"Espanol_Grupo2_imp"	41	40	0.975	2105	NA	1	0.95	2142.5	2075	0.45	0	14	13	13	0.928571428571429	1	1	2031	2180	2224	22	8	10	1	0.875	1	2093.5	2224	2103	2013-04-15	3.07460643394935	"Mid"
"510"	"pestalozzi"	"2016-05-12"	"Espanol_Grupo2_imp"	41	39	1	2487	NA	1	1	2479	2487	0.487179487179487	0	14	14	11	1	1	1	2399	2503	2694	21	8	10	1	1	1	2359	2849.5	2606.5	2013-03-13	3.16495550992471	"Mid"
"511"	"pestalozzi"	"2016-05-12"	"Espanol_Grupo2_imp"	41	39	0.948717948717949	2565	NA	0.95	0.947368421052632	2595	2558	0.538461538461538	0	14	14	11	0.857142857142857	1	1	2561.5	2684	2373	20	8	11	1	1	0.818181818181818	2394	2797	2979	2012-10-09	3.58932238193018	"Mid"
"512"	"pestalozzi"	"2016-05-12"	"Espanol_Grupo2_imp"	41	41	0.975609756097561	2011.5	NA	1	0.95	2176	1932	0.463414634146341	0	14	14	13	0.928571428571429	1	1	2651	1800	2377	22	8	11	1	0.875	1	1833	1969	2575	2012-10-22	3.55373032169747	"Mid"
"513"	"pestalozzi"	"2016-05-12"	"Espanol_Grupo2_imp"	41	38	0.921052631578947	2720	NA	1	0.842105263157895	2848	2720	0.447368421052632	0	14	14	10	0.857142857142857	1	0.9	2416.5	3320	3765	20	8	10	1	0.875	0.8	2475.5	3394	3029	2013-01-16	3.31827515400411	"Mid"
"514"	"pestalozzi"	"2016-05-12"	"Espanol_Grupo2_imp"	41	41	0.951219512195122	2393	NA	0.952380952380952	0.95	2393	2379.5	0.439024390243902	0	14	14	13	0.928571428571429	1	0.923076923076923	2276	2352.5	2555.5	22	8	11	0.954545454545455	0.875	1	2276	2393	2674	2013-01-24	3.29637234770705	"Mid"
"515"	"pestalozzi"	"2016-05-12"	"Espanol_Grupo2_imp"	41	38	1	2996	NA	1	1	2825	3109	0.473684210526316	0	14	12	12	1	1	1	2700	2919.5	3341.5	22	7	9	1	1	1	3058.5	2984	2394	2013-01-19	3.31006160164271	"Mid"
"516"	"pestalozzi"	"2016-05-12"	"Espanol_Grupo2_imp"	41	35	0.485714285714286	3108	4107.5	0.555555555555556	0.411764705882353	3123	3852	0.542857142857143	0	12	12	11	0.5	0.5	0.454545454545455	2852.5	4230.5	2799	18	8	9	0.555555555555556	0.5	0.333333333333333	3123	2369.5	4099	2013-05-16	2.98973305954825	"Mid"
"517"	"pestalozzi"	"2016-05-12"	"Espanol_Grupo2_imp"	41	41	0.926829268292683	1999	NA	0.857142857142857	1	2209	1934	0.463414634146341	0	14	14	13	1	1	0.769230769230769	2078	2020	1999	22	8	11	0.909090909090909	1	0.909090909090909	1949	1826.5	2360.5	2012-10-12	3.58110882956879	"Mid"
"518"	"pestalozzi"	"2016-05-12"	"Espanol_Grupo2_imp"	40	35	0.771428571428571	2951	2869	0.722222222222222	0.823529411764706	3135	2941	0.314285714285714	1	13	9	13	0.846153846153846	0.888888888888889	0.615384615384615	3439	2324.5	2730	20	8	7	0.75	0.875	0.714285714285714	2584	3107	3616	2013-05-09	3.00889801505818	"Mid"
"520"	"pestalozzi"	"2016-05-13"	"Espanol_Grupo2_preg"	41	41	0.878048780487805	2373	2986	0.952380952380952	0.8	2370	2402.5	0.414634146341463	0	14	14	13	0.857142857142857	0.857142857142857	0.923076923076923	2101	2402.5	2522	22	8	11	0.954545454545455	0.625	0.909090909090909	2367	2386	2378	2013-01-08	3.3429158110883	"Mid"
"521"	"pestalozzi"	"2016-05-13"	"Espanol_Grupo2_preg"	41	36	0.888888888888889	3568.5	2899.5	0.888888888888889	0.888888888888889	3683.5	3487	0.444444444444444	0	14	9	13	1	1	0.692307692307692	3489.5	2857	3990	19	7	10	0.894736842105263	1	0.8	3777	3588	3487	2013-01-16	3.32101300479124	"Mid"
"522"	"pestalozzi"	"2016-05-13"	"Espanol_Grupo2_preg"	41	41	0.853658536585366	2381	2922.5	0.857142857142857	0.85	2688	2369	0.48780487804878	0	14	14	13	0.714285714285714	1	0.846153846153846	2046	2539.5	2463	22	8	11	0.954545454545455	0.625	0.818181818181818	2214	2463	2582	2013-03-11	3.17316906228611	"Mid"
"523"	"pestalozzi"	"2016-05-13"	"Espanol_Grupo2_preg"	40	29	0.793103448275862	3243	3027.5	0.866666666666667	0.714285714285714	3243	3026	0.344827586206897	1	11	9	9	0.727272727272727	0.888888888888889	0.777777777777778	3380.5	3036	3518	18	5	6	0.888888888888889	0.8	0.5	3528.5	3162	2496	2012-10-17	3.57015742642026	"Mid"
"524"	"pestalozzi"	"2016-05-13"	"Espanol_Grupo2_preg"	41	41	0.585365853658537	1804.5	1711	0.523809523809524	0.65	1733	1799	0.268292682926829	1	14	14	13	0.571428571428571	0.571428571428571	0.615384615384615	1819	1786	1756.5	22	8	11	0.636363636363636	0.75	0.363636363636364	1804.5	1916	1702.5	2013-04-25	3.04996577686516	"Mid"
"525"	"pestalozzi"	"2016-05-13"	"Espanol_Grupo2_preg"	41	38	0.947368421052632	2968	NA	1	0.894736842105263	3063	2877	0.526315789473684	0	14	14	10	0.928571428571429	1	0.9	2877	2995.5	2994	21	8	9	0.952380952380952	1	0.888888888888889	2330	3133.5	3144.5	2012-11-19	3.4798083504449	"Mid"
"526"	"pestalozzi"	"2016-05-13"	"Espanol_Grupo2_preg"	41	39	0.82051282051282	2545	2397	0.8	0.842105263157895	2164.5	2931	0.435897435897436	0	12	14	13	0.833333333333333	0.857142857142857	0.769230769230769	2545	2529.5	2632.5	21	8	10	0.952380952380952	0.5	0.8	2125	3913	3052.5	2012-02-17	4.23545516769336	"Mid"
"527"	"pestalozzi"	"2016-05-16"	"Espanol_Grupo2_preg"	41	36	0.916666666666667	3119	NA	0.888888888888889	0.944444444444444	3114.5	3317.5	0.444444444444444	0	14	13	9	0.928571428571429	0.923076923076923	0.888888888888889	3012	3176	3554	19	7	10	0.947368421052632	0.714285714285714	1	3001.5	3425	3319	2013-04-17	3.08008213552361	"Mid"
"528"	"pestalozzi"	"2016-05-16"	"Espanol_Grupo2_preg"	41	34	0.882352941176471	2578.5	3748.5	0.941176470588235	0.823529411764706	2698	2941	0.470588235294118	0	11	12	11	1	0.833333333333333	0.818181818181818	3857	2658	2169	17	7	10	0.941176470588235	0.857142857142857	0.8	2414	2809	3013.5	2013-05-27	2.97056810403833	"Mid"
"529"	"pestalozzi"	"2016-05-16"	"Espanol_Grupo2_preg"	41	38	0.921052631578947	2397	NA	0.894736842105263	0.947368421052632	2337	2397	0.526315789473684	0	13	14	11	0.846153846153846	1	0.909090909090909	2526	2306	2516	22	7	9	0.863636363636364	1	1	2215	2240	2695	2013-01-02	3.36755646817248	"Mid"
"530"	"pestalozzi"	"2016-05-16"	"Espanol_Grupo2_preg"	41	40	0.825	2904	3553	0.85	0.8	3144.5	2913.5	0.5	0	14	14	12	0.928571428571429	0.928571428571429	0.583333333333333	2794	2848	3179	21	8	11	0.904761904761905	0.875	0.636363636363636	2847	2923	3376	2013-01-06	3.35660506502396	"Mid"
"550"	"cayetano"	"2016-04-27"	"Espanol_Grupo1_imp"	41	34	0.794117647058823	3675	2199	0.823529411764706	0.764705882352941	3828	3097	0.352941176470588	1	14	11	9	0.857142857142857	0.818181818181818	0.666666666666667	3990.5	3828	3081.5	16	8	10	0.8125	0.5	1	2881	3231	4273.5	2013-04-26	3.00342231348392	"Low"
"551"	"cayetano"	"2016-04-27"	"Espanol_Grupo1_imp"	41	41	0.560975609756098	2417	2294.5	0.619047619047619	0.5	2417	2372	0.414634146341463	0	14	14	13	0.714285714285714	0.571428571428571	0.384615384615385	2621.5	2434.5	2417	22	8	11	0.590909090909091	0.25	0.727272727272727	2417	2349.5	2555	2012-09-26	3.58384668035592	"Low"
"552"	"cayetano"	"2016-04-27"	"Espanol_Grupo1_imp"	41	41	0.634146341463415	1795.5	2000	0.714285714285714	0.55	1964	1909	0.292682926829268	1	14	14	13	0.642857142857143	0.714285714285714	0.538461538461538	1728	2169	2960	22	8	11	0.863636363636364	0.375	0.363636363636364	1728	1940	2497.5	2013-03-04	3.14852840520192	"Low"
"553"	"cayetano"	"2016-04-27"	"Espanol_Grupo1_imp"	41	24	0.75	3382	1622.5	0.75	0.75	3597.5	2736.5	0.541666666666667	0	11	7	6	1	0.571428571428571	0.5	3276	2760.5	NA	15	5	4	0.733333333333333	0.6	1	2617	5395	4153	2012-12-07	3.38672142368241	"Low"
"554"	"cayetano"	"2016-04-27"	"Espanol_Grupo1_imp"	41	40	0.775	2288	2096	0.75	0.8	1765.5	2645	0.375	1	14	13	13	0.857142857142857	0.769230769230769	0.692307692307692	2236.5	2084.5	2593	21	8	11	0.761904761904762	0.75	0.818181818181818	1725.5	2543.5	2595	2013-01-30	3.23887748117728	"Low"
"555"	"cayetano"	"2016-04-27"	"Espanol_Grupo1_imp"	41	36	0.722222222222222	2939	3709.5	0.611111111111111	0.833333333333333	3355.5	2980	0.694444444444444	1	13	11	12	0.769230769230769	0.818181818181818	0.583333333333333	2885	2914	2991	20	7	9	0.65	0.571428571428571	1	2406	2619	3096	2013-02-13	3.20054757015743	"Low"
"556"	"cayetano"	"2016-04-27"	"Espanol_Grupo1_imp"	41	41	0.951219512195122	2528	NA	1	0.9	2387	3317.5	0.51219512195122	0	14	14	13	0.857142857142857	1	1	2803	2457.5	2249	22	8	11	1	0.75	1	1892	2232	3711	2012-08-07	3.72073921971253	"Low"
"600"	"cayetano"	"2016-05-06"	"Espanol_Grupo2_imp"	41	41	0.658536585365854	1946	1998	0.571428571428571	0.75	1997	1970.5	0.24390243902439	1	14	14	13	0.857142857142857	0.5	0.615384615384615	2104.5	1908	1920.5	22	8	11	0.590909090909091	0.875	0.636363636363636	1844	2143	2195	2013-01-25	3.27720739219713	"Low"
"601"	"cayetano"	"2016-04-28"	"Espanol_Grupo1_imp"	41	30	1	3195	NA	1	1	2831	3728	0.5	0	11	11	8	1	1	1	2366	2877	3875.5	17	4	9	1	1	1	2366	2427.5	3828	2013-03-25	3.09377138945927	"Low"
"602"	"cayetano"	"2016-04-28"	"Espanol_Grupo1_imp"	41	39	0.769230769230769	2450	2372	0.7	0.842105263157895	2465	2385	0.358974358974359	1	13	13	13	0.923076923076923	0.692307692307692	0.692307692307692	2402.5	2372	3547	22	7	10	0.818181818181818	0.714285714285714	0.7	2289	2704	3547	2013-02-11	3.20876112251882	"Low"
"603"	"cayetano"	"2016-04-28"	"Espanol_Grupo1_imp"	41	40	0.975	2799	NA	0.95	1	2541	2831.5	0.525	0	14	13	13	1	0.923076923076923	1	2699	2378.5	2852	22	7	11	1	1	0.909090909090909	2356	2802	2828.5	2013-05-27	2.92128678986995	"Low"
"604"	"cayetano"	"2016-04-28"	"Espanol_Grupo1_imp"	41	40	0.6	1931	2125	0.7	0.5	2288	1706	0.1	1	14	13	13	0.785714285714286	0.538461538461538	0.461538461538462	1942	1920	2553	22	7	11	0.727272727272727	0.285714285714286	0.545454545454545	1931	2322	1956	2012-09-14	3.61943874058864	"Low"
"605"	"cayetano"	"2016-05-04"	"Espanol_Grupo2_imp"	41	40	0.925	3294	NA	0.9	0.95	3148.5	3526	0.525	0	14	14	12	0.928571428571429	1	0.833333333333333	3169	3160.5	3670.5	22	8	10	0.954545454545455	0.75	1	3021	3867	3995	2013-05-19	2.9596167008898	"Low"
"605b"	"cayetano"	"2016-04-28"	"Espanol_Grupo1_imp"	41	40	0.975	2366	NA	0.95	1	2190	2429	0.475	0	14	14	12	1	1	0.916666666666667	2149.5	2587	2424	22	7	11	1	0.857142857142857	1	2022	2637	3273	NA	NA	"Low"
"606"	"cayetano"	"2016-05-06"	"Espanol_Grupo2_imp"	41	40	0.875	2372	2536	0.9	0.85	2329.5	2502.5	0.475	0	14	14	12	0.928571428571429	0.928571428571429	0.75	2225	2794	2516	22	8	10	0.863636363636364	0.75	1	2287	2483.5	3275	2012-10-23	3.53456536618754	"Low"
"607"	"cayetano"	"2016-05-06"	"Espanol_Grupo2_imp"	41	41	0.731707317073171	2194	2050	0.666666666666667	0.8	1988	2205	0.609756097560976	1	14	14	13	0.714285714285714	0.857142857142857	0.615384615384615	2203	2166	2182	22	8	11	0.818181818181818	0.625	0.636363636363636	2007.5	1972	2427	2013-04-27	3.02532511978097	"Low"
"608"	"cayetano"	"2016-05-06"	"Espanol_Grupo2_imp"	41	41	0.829268292682927	2363	3396	0.857142857142857	0.8	2510	2368	0.51219512195122	0	14	14	13	0.857142857142857	0.857142857142857	0.769230769230769	2047	2897.5	2244	22	8	11	0.909090909090909	0.5	0.909090909090909	2141.5	1899.5	4086.5	2013-03-14	3.14579055441478	"Low"
"609"	"cayetano"	"2016-05-06"	"Espanol_Grupo2_imp"	41	39	0.923076923076923	2244.5	NA	0.9	0.947368421052632	2281.5	2242	0.461538461538462	0	14	13	12	1	1	0.75	2255	1924	2292	22	8	9	0.863636363636364	1	1	2006	2408	2268	2012-08-02	3.75906913073237	"Low"
"610"	"cayetano"	"2016-05-06"	"Espanol_Grupo2_imp"	41	41	0.975609756097561	2132	NA	0.952380952380952	1	2161	2238.5	0.51219512195122	0	14	14	13	1	1	0.923076923076923	2238.5	2557	2064	22	8	11	0.954545454545455	1	1	2064	2267.5	2535	2012-09-06	3.66324435318275	"Low"
"611"	"cayetano"	"2016-05-06"	"Espanol_Grupo2_preg"	41	40	0.875	2601	2619	0.9	0.85	2608	2447.5	0.375	1	14	13	13	0.928571428571429	0.846153846153846	0.846153846153846	2507	2485	2864	22	7	11	0.909090909090909	0.857142857142857	0.818181818181818	2496	2349	2964	2013-03-20	3.12936344969199	"Low"
"612"	"cayetano"	"2016-05-06"	"Espanol_Grupo2_preg"	41	41	0.829268292682927	2183.5	2680	0.761904761904762	0.9	2194	2194	0.51219512195122	0	14	14	13	0.857142857142857	0.857142857142857	0.769230769230769	2187	2280.5	2180.5	22	8	11	0.818181818181818	0.75	0.909090909090909	2053.5	2195.5	2478	2013-03-03	3.17590691307324	"Low"
"613"	"cayetano"	"2016-05-06"	"Espanol_Grupo2_preg"	41	41	0.853658536585366	2048	4064	0.80952380952381	0.9	2063	2029.5	0.48780487804878	0	14	14	13	0.928571428571429	0.857142857142857	0.769230769230769	1933	2096.5	2070.5	22	8	11	0.863636363636364	0.75	0.909090909090909	1809	2549	2482	2012-12-16	3.38672142368241	"Low"
"614"	"cayetano"	"2016-05-06"	"Espanol_Grupo2_preg"	41	40	0.925	2337	NA	0.95	0.9	2246	2660.5	0.4	0	14	13	13	0.928571428571429	1	0.846153846153846	1978	2606	2701	21	8	11	0.904761904761905	0.875	1	2069	3357	2606	2013-04-20	3.0444900752909	"Low"
"615"	"cayetano"	"2016-05-06"	"Espanol_Grupo2_preg"	41	41	0.926829268292683	1762	NA	0.904761904761905	0.95	1666	1916	0.463414634146341	0	14	14	13	0.928571428571429	1	0.846153846153846	1677	1835.5	1765	22	8	11	0.909090909090909	0.875	1	1638	2211	1965	2012-07-17	3.80287474332649	"Low"
"616"	"pestalozzi"	"2016-05-13"	"Espanol_Grupo2_preg"	41	40	0.675	3085	2481	0.6	0.75	2544.5	3562	0.2	1	14	14	12	0.642857142857143	0.714285714285714	0.666666666666667	2728	3336.5	3465.5	21	8	11	0.714285714285714	0.75	0.545454545454545	2996	2825	3587.5	2013-03-09	3.17864476386037	"Mid"
"617"	"pestalozzi"	"2016-05-13"	"Espanol_Grupo1_imp"	41	41	0.902439024390244	1844	3634	0.952380952380952	0.85	1844	2199	0.560975609756098	0	14	14	13	0.928571428571429	0.928571428571429	0.846153846153846	1424	1753	2429	22	8	11	0.954545454545455	0.75	0.909090909090909	1477	2232	3450	2013-01-06	3.34839151266256	"Mid"
"618"	"pestalozzi"	"2016-05-13"	"Espanol_Grupo1_imp"	41	40	0.875	3319	3700	0.85	0.9	3561.5	3190	0.45	0	14	14	12	0.928571428571429	0.857142857142857	0.833333333333333	3581	3197	3253.5	22	8	10	0.909090909090909	0.75	0.9	2880	3482.5	4073	2012-08-29	3.70431211498973	"Mid"
"619"	"pestalozzi"	"2016-05-13"	"Espanol_Grupo1_imp"	41	41	0.975609756097561	2604	NA	1	0.95	2522	2751	0.48780487804878	0	14	14	13	0.928571428571429	1	1	2468	2429	3264	22	8	11	1	0.875	1	2092	2695	4017	2012-04-06	4.10130047912389	"Mid"
"619b"	"pestalozzi"	"2016-05-13"	"Espanol_Grupo1_imp"	41	40	0.9	2288.5	5334	0.85	0.95	2340.5	2546	0.475	0	13	14	13	1	0.857142857142857	0.846153846153846	1883	2288.5	3565	22	7	11	1	0.571428571428571	0.909090909090909	1890	2670.5	3299	2012-09-13	3.66324435318275	"Mid"
"620"	"pestalozzi"	"2016-05-14"	"Espanol_Grupo1_preg"	41	39	0.769230769230769	2293	2163	0.8	0.736842105263158	2097.5	2323	0.41025641025641	0	14	12	13	0.857142857142857	0.75	0.692307692307692	2350	2428	2221	21	8	10	0.857142857142857	0.5	0.8	1862	2712.5	2868.5	2012-10-13	3.58384668035592	"Mid"
"621"	"pestalozzi"	"2016-05-14"	"Espanol_Grupo1_preg"	41	41	0.878048780487805	2065.5	1801	0.952380952380952	0.8	1977	2065.5	0.48780487804878	0	14	14	13	0.928571428571429	0.785714285714286	0.923076923076923	2386	1977	1952	22	8	11	0.954545454545455	0.625	0.909090909090909	1835	2386	2460.5	2012-10-02	3.61396303901437	"Mid"
"650"	"pestalozzi"	"2016-05-10"	"Espanol_Grupo1_imp"	41	36	0.972222222222222	2956	NA	1	0.944444444444444	2769.5	3095	0.5	0	13	10	13	0.923076923076923	1	1	3159	2731.5	2956	20	6	10	0.95	1	1	2692	3095	3913.5	2012-12-11	3.4113620807666	"Mid"
"651"	"pestalozzi"	"2016-05-10"	"Espanol_Grupo1_imp"	41	41	0.975609756097561	2483	NA	0.952380952380952	1	2441	2547	0.48780487804878	0	14	14	13	0.928571428571429	1	1	2391	2615.5	2332	22	8	11	1	1	0.909090909090909	2101.5	2720	2916	2012-11-12	3.49075975359343	"Mid"
"652"	"pestalozzi"	"2016-05-10"	"Espanol_Grupo1_imp"	41	39	0.769230769230769	2345	2635	0.8	0.736842105263158	2549.5	2229	0.358974358974359	1	14	14	11	0.857142857142857	0.785714285714286	0.636363636363636	2227	2956	2662	20	8	11	0.9	0.5	0.727272727272727	2118	2793	2809	2012-08-13	3.73990417522245	"Mid"
"653"	"pestalozzi"	"2016-05-10"	"Espanol_Grupo1_imp"	41	36	0.861111111111111	2783	3313	0.777777777777778	0.944444444444444	2772	2954	0.5	0	13	11	12	0.923076923076923	0.818181818181818	0.833333333333333	2438.5	2783	3653	21	7	8	0.952380952380952	0.714285714285714	0.75	2808.5	2592	2782.5	2012-03-24	4.12867898699521	"Mid"
"654"	"pestalozzi"	"2016-05-10"	"Espanol_Grupo1_imp"	41	37	0.945945945945946	2034	NA	0.947368421052632	0.944444444444444	2006	2213	0.594594594594595	0	14	14	9	0.857142857142857	1	1	1768	2235	2034	19	8	10	1	0.875	0.9	2000	2081	2862	2012-08-14	3.73716632443532	"Mid"
"655"	"pestalozzi"	"2016-05-10"	"Espanol_Grupo1_imp"	41	41	0.878048780487805	1943	2798	0.904761904761905	0.85	1998	2031.5	0.585365853658537	0	14	14	13	1	0.857142857142857	0.769230769230769	2209.5	1756.5	1910.5	22	8	11	0.909090909090909	0.875	0.818181818181818	1827.5	1913	2244	2012-07-24	3.79466119096509	"Mid"
"666"	"pestalozzi"	"2016-05-10"	"Espanol_Grupo1_imp"	41	41	0.926829268292683	2081	NA	0.904761904761905	0.95	1888	2439	0.585365853658537	0	14	14	13	0.928571428571429	0.928571428571429	0.923076923076923	1882	2391	2006	22	8	11	0.954545454545455	1	0.818181818181818	1795	2312	2494	2012-12-30	3.35934291581109	"Mid"
"667"	"pestalozzi"	"2016-05-10"	"Espanol_Grupo1_imp"	41	39	0.948717948717949	2056	NA	0.95	0.947368421052632	1885.5	2311	0.538461538461538	0	14	13	12	1	0.923076923076923	0.916666666666667	1728	2274.5	2056	21	8	10	0.952380952380952	0.875	1	1833	2054	2734	2012-09-24	3.6249144421629	"Mid"
"668"	"pestalozzi"	"2016-05-10"	"Espanol_Grupo1_imp"	41	41	0.975609756097561	1923.5	NA	0.952380952380952	1	1895	2248.5	0.536585365853659	0	14	14	13	1	1	0.923076923076923	1923.5	2165	1892	22	8	11	0.954545454545455	1	1	1739	2301	2631	2013-04-24	3.0444900752909	"Mid"
"669"	"pestalozzi"	"2016-05-10"	"Espanol_Grupo1_imp"	41	39	1	1880	NA	1	1	1852	1985	0.512820512820513	0	13	14	12	1	1	1	1864	1984	1960	21	8	10	1	1	1	1664	2087	2553.5	2012-10-24	3.54277891854894	"Mid"
"670"	"pestalozzi"	"2016-05-10"	"Espanol_Grupo1_imp"	41	39	0.974358974358974	2351.5	NA	1	0.947368421052632	2337	2654	0.564102564102564	0	14	13	12	0.928571428571429	1	1	2246	2359	2824	21	8	10	1	0.875	1	2102	3147	2755.5	2012-09-04	3.67967145790554	"Mid"
"671"	"pestalozzi"	"2016-05-10"	"Espanol_Grupo1_imp"	41	40	1	2154.5	NA	1	1	1982.5	2250.5	0.525	0	14	14	12	1	1	1	1883	2262	2352	21	8	11	1	1	1	1927	2137	2924	2012-08-18	3.72621492128679	"Mid"
"672"	"pestalozzi"	"2016-05-10"	"Espanol_Grupo1_imp"	41	39	0.923076923076923	2493	NA	0.95	0.894736842105263	2130	2879	0.564102564102564	0	14	12	13	1	0.916666666666667	0.846153846153846	2743	2235	2379	22	8	9	0.909090909090909	1	0.888888888888889	2217	2775.5	3032	2013-01-01	3.35386721423682	"Mid"
"673"	"pestalozzi"	"2016-05-10"	"Espanol_Grupo1_imp"	40	40	0.925	2213	NA	0.9	0.95	2155	2370	0.55	0	14	13	13	1	0.846153846153846	0.923076923076923	2100.5	2337	2256	22	8	10	0.909090909090909	1	0.9	2088	2308	3212	2013-01-12	3.32375085557837	"Mid"
"674"	"pestalozzi"	"2016-05-11"	"Espanol_Grupo1_imp"	40	39	1	1794	NA	1	1	1786	1865	0.538461538461538	0	14	13	12	1	1	1	1792	1819	1828	22	8	9	1	1	1	1738.5	1806.5	2922	2012-07-10	3.83572895277207	"Mid"
"675"	"pestalozzi"	"2016-05-11"	"Espanol_Grupo1_preg"	41	36	1	2215	NA	1	1	2189	2243	0.527777777777778	0	14	10	12	1	1	1	2683	1881	2163.5	21	7	8	1	1	1	1910	2494	3183.5	2012-08-22	3.71800136892539	"Mid"
"676"	"pestalozzi"	"2016-05-11"	"Espanol_Grupo1_preg"	41	39	0.794871794871795	2414	2601	0.85	0.736842105263158	2601	2414	0.538461538461538	0	14	13	12	0.857142857142857	0.846153846153846	0.666666666666667	2337.5	2341	3038.5	21	8	10	0.857142857142857	0.75	0.7	2315	3254	2414	2013-03-16	3.15400410677618	"Mid"
"677"	"pestalozzi"	"2016-05-11"	"Espanol_Grupo1_preg"	41	39	0.948717948717949	2173	NA	0.95	0.947368421052632	2228	2183	0.564102564102564	0	13	14	12	1	0.928571428571429	0.916666666666667	2095	2328	2183	21	8	10	1	1	0.8	1803	3482.5	2386.5	2012-10-22	3.55099247091034	"Mid"
"678"	"pestalozzi"	"2016-05-11"	"Espanol_Grupo1_preg"	41	40	0.775	3119	3994	0.75	0.8	3633.5	3520.5	0.55	0	14	13	13	0.714285714285714	0.692307692307692	0.923076923076923	2708.5	2950	3857	22	8	10	0.863636363636364	0.5	0.8	3090	3795	3124.5	2013-03-07	3.17864476386037	"Mid"
"679"	"pestalozzi"	"2016-05-11"	"Espanol_Grupo1_preg"	41	32	1	3589	NA	1	1	3589	3569	0.53125	0	13	10	9	1	1	1	3463	3462.5	3904	20	5	7	1	1	1	3363	4340	5080	2012-12-31	3.35934291581109	"Mid"
"680"	"pestalozzi"	"2016-05-11"	"Espanol_Grupo1_preg"	41	35	0.971428571428571	2779.5	NA	1	0.941176470588235	3138	2321	0.514285714285714	0	13	11	11	1	0.909090909090909	1	2774	3210	2372	21	7	7	1	0.857142857142857	1	2347	3539	3425	2012-10-26	3.54004106776181	"Mid"
"681"	"pestalozzi"	"2016-05-11"	"Espanol_Grupo1_preg"	8	7	NA	NA	NA	NA	NA	NA	NA	0	1	0	0	0	NA	NA	NA	NA	NA	NA	0	0	0	NA	NA	NA	NA	NA	NA	2012-12-29	3.36481861738535	"Mid"
"682"	"pestalozzi"	"2016-05-11"	"Espanol_Grupo1_preg"	41	41	0.951219512195122	2081	NA	1	0.9	2081	2131	0.560975609756098	0	14	14	13	1	0.928571428571429	0.923076923076923	1990	1925	2226.5	22	8	11	1	1	0.818181818181818	1921	2159	2498	2012-10-20	3.5564681724846	"Mid"
"683"	"pestalozzi"	"2016-05-11"	"Espanol_Grupo1_preg"	41	41	0.731707317073171	2394.5	2626	0.714285714285714	0.75	2433	2695	0.536585365853659	0	14	14	13	0.928571428571429	0.571428571428571	0.692307692307692	3428	2063	3101	22	8	11	0.772727272727273	0.625	0.727272727272727	2066	3428	3657	2013-06-15	2.90485968514716	"Mid"
"684"	"pestalozzi"	"2016-05-11"	"Espanol_Grupo1_preg"	41	41	0.926829268292683	2455	NA	0.952380952380952	0.9	2514	2487.5	0.536585365853659	0	14	14	13	1	0.928571428571429	0.846153846153846	2453	2495	2368	22	8	11	0.954545454545455	0.875	0.909090909090909	2348	2517	3377	2012-10-22	3.55099247091034	"Mid"
"685"	"pestalozzi"	"2016-05-11"	"Espanol_Grupo1_preg"	41	37	0.918918918918919	2309	NA	0.894736842105263	0.944444444444444	2288	2413	0.540540540540541	0	14	11	12	0.928571428571429	0.909090909090909	0.916666666666667	2330	2337	2288	21	8	8	0.952380952380952	0.75	1	2233	3306.5	2187.5	2013-03-14	3.15947980835044	"Mid"
"686"	"pestalozzi"	"2016-05-11"	"Espanol_Grupo1_preg"	41	40	1	2355	NA	1	1	2417.5	2195.5	0.525	0	14	13	13	1	1	1	2096	2403	2532	22	8	10	1	1	1	2108	2872.5	2665	2012-10-12	3.57837097878166	"Mid"
"687"	"pestalozzi"	"2016-05-11"	"Espanol_Grupo1_preg"	41	34	0.941176470588235	3479	NA	1	0.882352941176471	3573	3534	0.5	0	13	10	11	1	0.9	0.909090909090909	3403	3658	3479	20	7	7	1	0.857142857142857	0.857142857142857	3310	4254	3790	2012-11-13	3.49075975359343	"Mid"
"688"	"pestalozzi"	"2016-05-11"	"Espanol_Grupo1_preg"	41	41	0.902439024390244	2401	3366.5	0.904761904761905	0.9	2376	2562.5	0.609756097560976	1	14	14	13	0.928571428571429	0.857142857142857	0.923076923076923	2486	2246.5	2388.5	22	8	11	0.954545454545455	1	0.727272727272727	2177	2465.5	3102	2012-09-30	3.61122518822724	"Mid"
"689"	"pestalozzi"	"2016-05-11"	"Espanol_Grupo1_preg"	41	41	0.804878048780488	1742	1708.5	0.857142857142857	0.75	1780	1733	0.51219512195122	0	14	14	13	0.928571428571429	0.785714285714286	0.692307692307692	1583	1695	1846	22	8	11	0.818181818181818	0.75	0.818181818181818	1746.5	1773	1695	2013-04-01	3.11019849418207	"Mid"
"690"	"pestalozzi"	"2016-05-11"	"Espanol_Grupo2_imp"	41	41	0.926829268292683	1813.5	NA	0.952380952380952	0.9	1821	1813.5	0.463414634146341	0	14	14	13	0.928571428571429	1	0.846153846153846	1771	1903	1821	22	8	11	0.954545454545455	0.875	0.909090909090909	1647	2062	2041.5	2013-03-07	3.17864476386037	"Mid"
"691"	"pestalozzi"	"2016-05-11"	"Espanol_Grupo2_imp"	41	40	0.9	3386	3740	0.9	0.9	3334.5	3513.5	0.475	0	14	14	12	0.857142857142857	0.928571428571429	0.916666666666667	3710	3346	3297	21	8	11	0.952380952380952	0.875	0.818181818181818	3234.5	3346	4283	2013-03-16	3.15400410677618	"Mid"
"692"	"pestalozzi"	"2016-05-11"	"Espanol_Grupo2_imp"	12	12	0.916666666666667	1919	NA	0.833333333333333	1	1975.5	2204	0.583333333333333	0	3	4	5	NA	1	0.8	NA	1742	2527	5	3	4	1	NA	0.75	1755	NA	2032	2012-12-20	3.38945927446954	"Mid"
"700"	"cayetano"	"2016-05-02"	"Espanol_Grupo2_preg"	2	1	NA	NA	NA	NA	NA	NA	NA	0	1	0	0	0	NA	NA	NA	NA	NA	NA	0	0	0	NA	NA	NA	NA	NA	NA	NA	NA	"Low"
"701"	"cayetano"	"2016-05-02"	"Espanol_Grupo2_preg"	41	39	0.538461538461538	2436	3371.5	0.45	0.631578947368421	2668	2807	0.384615384615385	1	12	14	13	0.666666666666667	0.5	0.461538461538462	2388.5	2310	2670	22	8	9	0.590909090909091	0.75	0.222222222222222	2533	2395.5	1818	NA	NA	"Low"
"702"	"cayetano"	"2016-05-02"	"Espanol_Grupo2_preg"	41	41	0.804878048780488	2447	3271	0.80952380952381	0.8	2633	2399	0.48780487804878	0	14	14	13	0.857142857142857	0.857142857142857	0.692307692307692	2311	2671.5	2620	22	8	11	0.909090909090909	0.625	0.727272727272727	2241.5	2891	2794	NA	NA	"Low"
"703"	"cayetano"	"2016-05-02"	"Espanol_Grupo2_preg"	41	36	0.861111111111111	2943	3911	0.833333333333333	0.888888888888889	3012.5	3159	0.555555555555556	0	14	13	9	0.928571428571429	0.846153846153846	0.777777777777778	2943	2861	3290	20	7	9	0.95	0.428571428571429	1	2547	3060	3258	NA	NA	"Low"
"751"	"cayetano"	"2016-04-27"	"Espanol_Grupo1_preg"	41	40	0.75	2365.5	2795	0.7	0.8	2499.5	2470.5	0.5	0	14	14	12	0.571428571428571	0.785714285714286	0.916666666666667	2082	2376	2369	22	8	10	0.863636363636364	0.75	0.5	2029	2787.5	3124	NA	NA	"Low"
"751b"	"cayetano"	"2016-04-27"	"Espanol_Grupo1_preg"	41	41	0.853658536585366	2077	1933.5	0.904761904761905	0.8	2081	1951.5	0.463414634146341	0	14	14	13	0.928571428571429	0.785714285714286	0.846153846153846	1940	2131	2113	22	8	11	0.954545454545455	0.875	0.636363636363636	1949	2288	2209	2012-08-08	3.71800136892539	"Low"
"752"	"cayetano"	"2016-04-27"	"Espanol_Grupo1_preg"	41	38	0.552631578947368	2553	2348	0.578947368421053	0.526315789473684	2396	2460	0.473684210526316	0	14	13	11	0.714285714285714	0.230769230769231	0.727272727272727	2200.5	NA	2658.5	20	8	10	0.75	0.5	0.2	2396	4105.5	2328.5	2013-02-23	3.17316906228611	"Low"
"753"	"cayetano"	"2016-04-27"	"Espanol_Grupo1_preg"	41	37	0.675675675675676	3883	4156.5	0.736842105263158	0.611111111111111	3948	3869	0.405405405405405	0	13	13	11	0.769230769230769	0.846153846153846	0.363636363636364	3921.5	3899	3220.5	21	7	9	0.761904761904762	0.428571428571429	0.666666666666667	3806	3948	4353	2013-05-23	2.92950034223135	"Low"
"754"	"cayetano"	"2016-04-27"	"Espanol_Grupo1_preg"	41	36	0.75	3935	5049	0.833333333333333	0.666666666666667	3995.5	4663.5	0.555555555555556	0	12	11	13	0.75	0.727272727272727	0.769230769230769	3978	3391	4038.5	21	7	8	0.857142857142857	0.428571428571429	0.75	3672	3731	4085.5	2013-03-26	3.08829568788501	"Low"
"755"	"cayetano"	"2016-04-27"	"Espanol_Grupo1_preg"	19	19	0.894736842105263	2338	NA	1	0.777777777777778	2273	2369	0.368421052631579	1	6	6	7	1	0.833333333333333	0.857142857142857	2328	1488	2869.5	9	4	6	1	0.5	1	1551	2343.5	2633	2012-07-19	3.77275838466804	"Low"
"756"	"cayetano"	"2016-04-27"	"Espanol_Grupo1_preg"	41	40	0.55	2154.5	2147	0.7	0.4	2312.5	2000.5	0.375	1	13	14	13	0.692307692307692	0.428571428571429	0.538461538461538	2453	2058	1997	22	8	10	0.727272727272727	0.25	0.4	2161	1739	2330.5	2013-06-25	2.83915126625599	"Low"
"800"	"cayetano"	"2016-04-28"	"Espanol_Grupo2_preg"	41	41	0.682926829268293	3197.5	2575	0.619047619047619	0.75	3147	2972	0.51219512195122	0	14	14	13	0.785714285714286	0.642857142857143	0.615384615384615	3203	2793	3307	22	8	11	0.772727272727273	0.875	0.363636363636364	3147	3212	3408.5	2012-09-19	3.60574948665298	"Low"
"801"	"cayetano"	"2016-04-28"	"Espanol_Grupo2_preg"	41	38	0.842105263157895	1903	2212.5	0.789473684210526	0.894736842105263	1998	1880	0.447368421052632	0	14	14	10	0.928571428571429	0.785714285714286	0.8	1890	1833	2258	22	7	9	0.909090909090909	0.571428571428571	0.888888888888889	1849.5	2144	1951	2012-07-20	3.77275838466804	"Low"
"803"	"cayetano"	"2016-04-28"	"Espanol_Grupo2_preg"	41	40	0.775	2785	3493	0.8	0.75	2797	3182	0.5	0	14	14	12	0.857142857142857	0.785714285714286	0.666666666666667	2446.5	1997	3418.5	21	8	11	0.80952380952381	0.75	0.727272727272727	1974	3456.5	2911	2013-05-30	2.91307323750856	"Low"
"804"	"cayetano"	"2016-04-28"	"Espanol_Grupo2_preg"	41	36	0.916666666666667	2531	NA	0.888888888888889	0.944444444444444	3261	2194	0.444444444444444	0	14	13	9	0.928571428571429	0.923076923076923	0.888888888888889	2332	2684.5	3085.5	20	8	8	0.95	0.75	1	2129	3632	3390	2013-01-10	3.29637234770705	"Low"
"806"	"cayetano"	"2016-04-28"	"Espanol_Grupo2_preg"	41	37	0.486486486486487	1888	1654	0.526315789473684	0.444444444444444	1906	1446	0.837837837837838	1	13	13	11	0.461538461538462	0.461538461538462	0.545454545454545	1657.5	1014	2172.5	20	7	10	0.45	0.285714285714286	0.7	1938	2876.5	1118	2013-04-28	3.00068446269678	"Low"
"807"	"cayetano"	"2016-04-28"	"Espanol_Grupo2_preg"	41	40	0.75	2789.5	3653.5	0.75	0.75	3026.5	2764	0.525	0	14	14	12	0.642857142857143	0.857142857142857	0.75	2514	3026.5	2717	22	8	10	0.863636363636364	0.625	0.6	2514	3834	4415.5	2013-04-24	3.01163586584531	"Low"
"850"	"cayetano"	"2016-04-28"	"Espanol_Grupo2_imp"	41	38	0.947368421052632	2181	NA	0.947368421052632	0.947368421052632	2182	2149	0.526315789473684	0	13	14	11	1	0.857142857142857	1	2026	2311.5	2769	21	7	10	1	0.714285714285714	1	1963	2714	2298	2012-07-08	3.80561259411362	"Low"
"851"	"cayetano"	"2016-04-28"	"Espanol_Grupo2_imp"	41	39	0.794871794871795	2850	2648.5	0.85	0.736842105263158	2858.5	2850	0.461538461538462	0	13	14	12	0.923076923076923	0.714285714285714	0.75	2714.5	2549.5	3142	22	7	10	0.863636363636364	0.714285714285714	0.7	2629	4062	2927	2013-01-12	3.29089664613279	"Low"
"852"	"cayetano"	"2016-04-28"	"Espanol_Grupo2_imp"	41	35	0.8	2132	2357	0.833333333333333	0.764705882352941	2160	2150	0.571428571428571	0	13	12	10	0.846153846153846	0.916666666666667	0.6	2012	2185	2409	20	5	10	0.9	0.8	0.6	2047	3733.5	2164	2012-12-07	3.38945927446954	"Low"
"853"	"cayetano"	"2016-04-28"	"Espanol_Grupo2_imp"	41	40	0.725	2297	3021	0.7	0.75	2406.5	2372	0.275	1	14	13	13	0.642857142857143	0.769230769230769	0.769230769230769	2257	3072.5	2206	22	7	11	0.681818181818182	0.714285714285714	0.818181818181818	2218	3909	2297	2012-09-02	3.65229295003422	"Low"
"854"	"cayetano"	"2016-04-28"	"Espanol_Grupo2_imp"	41	36	0.555555555555556	2442.5	3050.5	0.555555555555556	0.555555555555556	2673.5	2348	0.333333333333333	1	11	12	13	0.545454545454545	0.583333333333333	0.538461538461538	2529	1885	2592	21	7	8	0.714285714285714	0.571428571428571	0.125	2427	2275.5	2458	2012-11-23	3.42778918548939	"Low"
"855"	"cayetano"	"2016-04-28"	"Espanol_Grupo2_imp"	41	41	0.51219512195122	2282	2316.5	0.428571428571429	0.6	2261	2349.5	0.682926829268293	1	14	14	13	0.571428571428571	0.428571428571429	0.538461538461538	2331	2173	2364	22	8	11	0.363636363636364	0.625	0.727272727272727	2271.5	2364	2274.5	2013-02-19	3.18685831622177	"Low"
"856"	"cayetano"	"2016-04-28"	"Espanol_Grupo2_imp"	41	41	0.829268292682927	2044	2384	0.80952380952381	0.85	2188	2103	0.463414634146341	0	14	14	13	0.928571428571429	0.857142857142857	0.692307692307692	2021	2269.5	2014	22	8	11	0.863636363636364	0.75	0.818181818181818	2014	2376.5	2335	2012-12-04	3.39767282683094	"Low"
